187
115
10
192
90
235
102
222
160
105
112
235
117
160
173
102
220
217
15
80
208
132
237
122
64
14
37
33
172
225
185
229
59
190
35
222
160
22
3
67
176
15
69
166
75
174
194
148
34
158
67
114
185
167
201
43
20
150
57
143
64
144
123
59
245
93
129
245
220
255
56
30
62
212
213
195
190
175
170
237
180
144
10
15
244
143
47
79
119
26
87
118
208
70
59
146
100
165
159
49
160
229
186
30
166
37
32
122
55
138
226
125
161
171
19
214
57
195
152
179
92
120
65
6
207
103
61
102
207
87
151
159
238
255
203
104
166
185
201
210
148
32
150
168
189
248
36
206
145
1
212
104
24
42
21
213
196
55
22
249
146
164
140
63
105
123
86
76
110
137
79
223
235
30
158
202
55
128
43
170
157
172
146
169
122
244
169
128
157
162
157
52
109
56
231
78
200
194
137
127
87
79
131
37
9
234
182
45
154
161
27
163
98
145
140
189
249
63
145
24
36
214
212
116
65
23
4
146
164
4
114
196
24
249
16
235
151
34
15
151
77
75
182
232
110
77
131
249
3
119
197
112
68
224
106
40
255
6
7
10
252
94
249
249
55
69
143
160
249
249
50
256
23
72
78
15
22
132
244
41
133
249
33
2
220
256
172
244
205
212
33
190
131
163
57
52
189
249
38
78
162
2
179
80
170
205
55
124
114
168
244
157
124
213
145
159
135
140
124
18
116
196
246
106
84
38
246
204
233
159
239
244
187
249
222
95
72
78
109
109
253
6
64
39
41
168
112
182
173
172
91
246
63
85
249
216
40
84
202
191
212
244
166
91
31
151
14
63
213
79
30
9
238
233
90
175
54
107
56
27
249
191
192
199
249
132
35
98
235
251
247
78
221
136
196
117
206
249
205
21